%Homework 3 ME 5316

%T1 = 300K
%T2 = 1000K
%h = 1000W/m^2-K
%k = 1W/mK
%Alpha = 0.00005
%L = 0.01m

t1=300;
t2=1000;
h = 1000;
k = 1;
alpha = 0.00005;
l = 0.01;

%Governing Equation
%Tt = alpha*Txx

